	gdp_per_capita	internet_penetration	speakers
en	65000	0.89	1500000000
zh	12000	0.73	1100000000
es	30000	0.87	500000000
hi	2500	0.5	600000000
ar	15000	0.67	400000000
pt	25000	0.81	280000000
bn	2200	0.25	270000000
ru	12000	0.85	260000000
ja	40000	0.93	125000000
pa	2500	0.35	120000000
de	50000	0.89	100000000
jv	4000	0.54	85000000
ko	35000	0.96	80000000
fr	45000	0.85	280000000
tr	15000	0.71	80000000
it	35000	0.74	65000000
vi	3500	0.7	95000000
ta	2500	0.34	75000000
ur	1500	0.17	70000000
pl	15000	0.84	45000000
